69
00410142010001
00410142010001
00410142010001
00440142030101
00420142010002
00420142010002
00420142010002
00450142030102
00430142010003
00430142010003
00430142010003
00460142030103
00310132010004
00310132010004
00310132010004
00320132030104
00330132010005
00330132010005
00330132010005
00340132010006
00340132010006
00340132010006
00350132030106
00360132010007
00360132010007
00360132010007
00370132030107
0038023201010308
0038023201010308
00390132010009
00390132010009
00210122010010
00210122010010
00210122010010
00220122030110
00220122030110
00230122010011
00230122010011
00230122010011
00240122010012
00240122010012
00250122030112
0026022203011004
0026022201011004
00270122010013
00270122010013
00270122010013
00270122010013
00280122010014
00280122010014
00280122010014
00280122010014
00110112010008
00110112010008
00110112010008
00120112030108
00120112030108
0013021203010806
0013021201010806
00140112010015
00140112010015
00140112010015
00140112010015
00150112010016
00150112010016
00150112010016
00160112010017
00160112010017
00160112010017
0
6
3
9
5
