69
0033013201000502000808
0015011201001602010101
0041014201000102010202
0014011201001502010404
0021012201001002010707
0042014201000202020101
0034013201000602020202
0027012201001302020303
0039013201000902020404
002602220101100402030606
003802320101030802040000
001302120101080602040303
0025012203011202050002
0012011203010802050608
0016011201001703000303
0027012201001303000404
0033013201000503000606
0014011201001503000707
0028012201001403000808
0034013201000603010303
0031013201000403010404
0043014201000303010606
0039013201000903010707
0036013201000703010808
0011011201000803020404
0024012201001203020606
0022012203011003030002
0046014203010303040002
0032013203010403050002
0021012201001004000000
0011011201000804000101
0016011201001704000404
0023012201001104000606
0028012201001404000808
0015011201001604010202
0036013201000704010303
0031013201000404010606
0027012201001304020707
0045014203010204030002
0022012203011004040204
001302120301080604050608
0034013201000605000303
0023012201001105000606
0043014201000305000707
0015011201001605010303
0014011201001505010404
0011011201000805010606
0042014201000205020101
0041014201000105020303
0033013201000505020404
0028012201001405020707
0037013203010705040002
002602220301100405050103
0035013203010605050608
0027012201001306000202
0014011201001506000808
0043014201000306010101
0031013201000406010202
0023012201001106010404
0036013201000706010707
0041014201000106020000
0024012201001206020101
0042014201000206020303
0016011201001706020404
0021012201001006020606
0028012201001406020707
003802320101030806030303
0044014203010106040608
0012011203010806050002
